1,-4.68848,5.01074
1,-4.40088,4.8855
0,0.214111,-0.790527
0,3.25439,-3.77393
0,4.39722,-4.50464
0,4.92871,-5.02637
0,3.80713,-4.25171
0,4.70483,-4.88062
0,4.79321,-5.01392
0,4.49561,-4.9082
0,4.24097,-4.6499
0,4.18115,-4.25488
1,-4.14209,4.65967
0,2.74146,-3.22021
0,3.65405,-3.67725
1,-1.75684,1.66138
0,4.89624,-5.01147
0,3.93335,-4.42383
1,-4.38354,4.55811
1,-3.16284,3.48242
0,4.53516,-4.78662
0,3.19458,-3.68066
1,-0.689453,0.310791
0,2.8501,-3.41797
0,0.4375,-0.861084
0,3.84351,-4.13501
0,4.27026,-4.58179
0,2.56104,-3.03613
0,4.83521,-4.97681
1,-4.45312,4.74854
1,-4.04077,4.39746
0,0.63501,-0.968506
1,-2.13965,1.74072
1,-4.21631,4.73389
0,1.75854,-1.79663
1,-4.44653,4.73999
1,-4.46997,4.92896
0,4.6062,-4.92358
1,-3.58545,4.22876
1,-4.28882,4.2439
0,4.58447,-4.91284
1,-3.17114,3.20923
0,2.54395,-3.0896
0,4.61694,-4.9541
0,4.52661,-4.66406
1,-2.86987,2.66016
0,4.55176,-4.86475
0,3.15698,-3.37964
0,4.79614,-4.90942
1,-4.59839,4.83862
0,4.32349,-4.69702
0,1.14453,-1.60913
1,-4.53442,4.96436
1,-3.6311,3.71191
1,-4.5249,4.78784
1,-1.82764,2.56494
0,1.54761,-2.26367
1,-4.43774,4.86328
1,-4.37769,4.83301
0,4.9104,-5.12866
0,4.00562,-4.18872
1,-4.36865,4.48242
0,4.42065,-4.74731
1,-4.04736,4.32202
1,-4.55127,4.90137
1,-4.71143,4.99268
1,-0.779541,0.603027
1,-3.87427,4.25757
1,-4.6333,5.05396
0,4.49146,-4.88452
1,-4.65454,5.02856
0,0.805176,-1.12622
1,-0.384033,0.884766
1,-1.42554,0.992432
0,3.41895,-3.5332
1,-3.32324,3.89038
0,2.95459,-3.50635
1,-2.5564,2.17529
0,2.79761,-3.37231
0,4.97632,-5.02588
1,-4.67236,5.04443
0,4.75391,-4.93677
0,3.51636,-3.77783
1,-3.60156,3.72534
0,3.57104,-3.98413
0,4.48999,-4.6438
1,-4.57642,4.75122
0,4.65649,-4.85205
0,4.87915,-5.06982
1,-4.30103,4.55811
0,0.710938,-1.26245
1,-3.81128,4.33398
0,3.3728,-3.8623
0,4.71826,-4.89624
0,3.76636,-4.08447
1,-4.1438,4.22119
0,3.25513,-3.43823
1,-4.29077,4.7251
1,-4.70654,4.85693
0,3.49683,-4.02124
0,0.362549,-0.726562
1,-4.66455,4.77856
0,4.90723,-5.01416
0,4.15234,-4.54565
0,4.40405,-4.47168
0,4.72046,-4.96899
0,3.45923,-3.88379
1,-2.34009,2.81885
1,-3.80322,4.20898
0,0.812256,-1.22925
0,2.5127,-3.08276
0,4.70996,-4.91943
0,3.85962,-4.35205
1,-4.25317,4.74194
0,3.52954,-3.94238
0,2.96289,-3.35669
0,1.52686,-1.21655
1,-4.38623,4.95654
0,3.93921,-4.34619
1,-4.76855,5.1814
1,-4.70215,5.11035
0,3.44482,-3.72925
0,4.46899,-4.82227
1,-4.39526,4.58813
0,2.15918,-2.80908
1,-4.354,4.51221
1,-2.31763,2.76978
0,4.55859,-4.75391
0,3.5481,-4.18384
1,-2.84424,3.1499
1,-4.78662,5.27612
0,2.40137,-2.74878
0,4.12085,-4.2998
1,-4.59424,4.98633
0,3.29004,-3.53662
0,4.55835,-4.85059
1,-4.66626,4.88037
0,4.66211,-4.93433
1,-3.9292,4.07983
0,3.73145,-4.19141
1,-4.49536,4.78442
0,4.96851,-5.07837
1,-4.68359,4.91406
0,1.12207,-0.635254
1,-4.28149,4.90259
0,4.59375,-4.73608
0,4.61694,-4.79761
1,-4.27246,4.45776
1,-3.79688,4.19629
0,2.48218,-2.73389
0,4.4646,-4.70728
1,-4.30737,4.71533
0,4.91162,-5.10059
1,-3.64258,3.57153
1,-4.22754,4.87207
1,-1.18457,0.76123
1,-4.57642,4.94531
0,3.55273,-4.02563
0,2.07422,-2.36401
1,-4.63721,5.01489
0,4.54199,-4.86865
1,-4.60352,4.91895
0,1.19897,-0.813232
1,-4.58032,4.91479
0,4.8313,-5.03052
1,-4.61523,4.95581
1,-4.0708,4.57568
0,4.65698,-4.88696
1,-4.70728,5.06396
1,-0.417236,0.647461
0,4.81689,-5.00439
0,4.42285,-4.79395
1,-4.3645,4.61523
0,2.59106,-3.08447
1,-4.21826,4.80981
0,4.90161,-5.08545
0,4.72803,-5.00317
1,-2.13232,2.81763
1,-4.82007,5.15332
1,-2.48486,2.95093
0,4.85986,-5.09839
0,2.38647,-2.63745
0,1.40576,-1.95483
0,1.50488,-1.89551
1,-1.18091,1.61646
1,-4.35718,4.68945
0,4.97144,-5.02832
0,4.85571,-4.98828
1,-2.52124,2.43774
0,4.5332,-4.76831
1,-3.78638,4.04541
1,-4.21582,4.76978
1,-2.12769,2.89258
0,4.66797,-4.83276
0,0.698486,-1.18604
0,2.07642,-2.55957
0,1.12988,-1.03174
0,4.66406,-4.88989
1,-3.26294,2.98706
1,-0.133057,0.427734
0,4.32422,-4.65308
0,5.00244,-5.15527
0,4.2876,-4.70288
1,-4.63062,4.86353
0,4.65698,-4.78223
1,-2.81152,3.17163
0,2.60767,-3.13281
0,1.47754,-2.1123
1,-1.15234,0.785889
1,-4.48267,4.96411
0,1.39893,-1.7312
1,-4.09229,4.6189
0,1.29761,-1.03662
0,3.5791,-4.05933
1,-2.56494,2.25732
1,-3.21606,3.41382
0,2.42334,-2.14819
1,-4.33813,4.55688
0,1.34766,-1.80176
1,-3.26123,3.44287
0,4.53809,-4.86475
0,4.09277,-4.50488
0,4.13281,-4.52344
1,-3.15234,3.52148
0,4.88721,-5.03906
1,-0.700684,0.617188
0,4.87354,-5.01489
1,-0.684814,0.121826
1,-4.57373,4.95557
0,4.55225,-4.79883
1,-4.61499,5.09204
1,-4.50269,4.74121
1,-4.32251,4.8103
0,4.38257,-4.59766
0,4.4021,-4.74683
1,-4.58252,4.97119
1,-2.29688,2.03931
1,-4.61548,4.96362
1,-3.97168,4.40332
1,-3.94067,3.96021
1,-4.19971,4.60571
0,2.20093,-2.43848
0,4.6814,-4.91235
1,-1.91479,2.12329
1,-4.70752,4.9856
1,-4.44336,4.85986
1,-3.18799,3.61035
1,-3.92163,4.07129
1,-4.16528,4.64893
1,-4.57568,4.92773
0,4.0083,-4.42212
0,4.68701,-4.93652
1,-4.46802,4.84619
0,4.51465,-4.77783
0,4.70874,-4.8728
1,-3.65479,3.59839
0,4.09302,-4.57324
0,4.34497,-4.70142
1,-2.4248,2.27563
0,4.93896,-5.01685
0,3.07544,-3.14087
1,-4.69897,4.99609
1,-2.07129,2.38135
0,4.89795,-4.82544
1,-4.2312,4.84033
1,-4.71606,5.00854
0,4.92969,-5.05688
0,0.950684,-1.41821
1,-3.95508,4.3584
1,-4.0625,3.95215
1,-2.10156,2.44727
1,-4.12646,4.69873
0,1.17285,-1.49805
0,4.73267,-4.87939
0,3.70898,-4.04492
0,4.24976,-4.51685
1,-1.71973,1.27856
