4.91309
4.39966
4.90967
2.69702
3.07837
3.20679
4.76367
2.45068
4.17773
5.05298
3.48364
1.92847
5.03027
4.84058
5.02246
0.851807
3.19189
5.04663
3.53979
0.764404
3.37305
1.72998
3.8313
1.896
1.01514
2.52588
3.61816
3.81201
0.89209
0.248779
3.03223
3.43774
3.99756
5.02026
4.22461
3.78687
5.05151
4.87329
3.76807
1.7229
3.14111
3.76611
2.35449
3.35693
1.71826
0.50708
0.0859375
0.71167
3.00708
4.15112
1.1897
4.15454
3.90796
4.22754
1.04883
1.84229
0.513428
0.718506
2.32202
0.0380859
2.74438
3.58496
2.21875
4.37744
4.0415
0.101562
4.48853
3.97437
2.13135
3.06201
3.06641
3.01929
2.2019
0.341553
0.583008
3.9187
2.88525
2.77881
1.25415
3.48242
2.93286
0.0649414
-0.00585938
2.76538
4.32056
0.373047
1.94556
3.58447
3.54004
3.47437
3.3606
1.18018
1.49829
0.0715332
0.545898
3.54663
0.298584
1.09229
0.208496
2.00659
-0.00854492
0.743408
3.19043
1.80762
0.0769043
3.46558
3.46924
3.02417
1.43042
0.827637
0.796143
0.0627441
0.108887
0.357178
0.228516
0.373779
1.86865
2.75659
0.178223
0.151855
2.59229
0.178955
2.60522
0.706543
1.49219
2.83325
0.0463867
0.0683594
1.72656
2.58691
0.0256348
3.77515
4.53979
5.02466
4.18164
4.16602
4.19604
4.10815
2.35815
4.1123
1.31934
4.71948
4.93652
2.46411
4.19067
0.896729
1.05493
3.11694
2.00269
1.31274
3.67749
2.64746
5.00195
1.45337
0.830078
2.49756
0.858398
0.740234
2.83911
2.18091
1.90381
1.80469
4.5061
3.17896
1.12622
2.71948
3.04321
1.52417
1.01489
3.85107
3.66455
3.77026
4.2251
0.0925293
3.73462
4.61475
0.828613
3.8689
1.2478
2.21997
0.595215
1.05151
1.68164
1.26807
3.81836
4.35229
0.862061
3.58228
0.683105
3.09717
3.73169
1.76025
3.16553
3.08496
3.04761
0.284424
0.0830078
3.43848
4.01538
0.105225
0.10083
0.158936
0.0959473
1.43677
1.24609
0.727295
0.237549
2.46509
3.47852
0.655518
0.688965
0.954102
2.64429
0.591064
0.67041
0.651367
2.17163
0.409424
1.7998
0.810547
4.38965
0.570801
2.40161
0.767822
3.50757
2.99438
0.079834
2.82056
0.36377
0.0358887
3.15674
0.207031
0.144775
2.24609
3.37842
3.2876
2.12866
3.88696
4.94556
0.184326
0.637451
1.71387
0.067627
1.03467
0.206055
0.0500488
0.232178
3.21997
2.58081
0.0627441
3.44189
0.239258
1.1936
2.61279
2.80786
2.99829
0.70752
3.62549
3.09863
2.54077
0.396973
0.943359
4.15088
1.33423
3.85596
3.72803
2.16992
4.44995
2.93872
3.76538
3.39795
1.84106
4.03076
2.604
2.06079
2.71484
0.279785
3.3623
3.55542
1.51587
3.44067
4.46509
3.80908
4.34595
0.623535
3.13257
0.826904
0.620117
0.124756
3.23389
4.36279
0.100586
1.33081
1.97388
4.18872
3.34009
2.25562
4.41748
0.0812988
2.88452
3.63281
0.207031
4.13867
3.49854
3.74634
1.84766
4.29321
4.01953
0.203857
2.90186
0.70459
3.15479
1.70752
2.27368
0.758789
0.136719
3.5686
3.86646
3.76367
0.206787
3.75269
3.16968
1.87256
0.830811
3.75684
1.83936
4.02271
3.93335
3.12158
2.3584
3.14673
2.98901
3.71387
0.943848
0.480469
3.4375
0.822998
2.24341
3.44995
3.33521
0.820068
4.2229
3.06055
3.66943
3.47876
2.63184
2.37305
2.61304
1.80542
3.17822
3.45239
4.16943
3.21191
3.91089
3.39746
4.39795
3.11914
3.83398
4.22583
0.588379
0.0639648
4.96216
3.36157
0.707031
4.32349
4.68628
0.0427246
4.18188
4.66699
4.98804
0.259033
2.04297
2.92407
2.90405
5.0293
5.06323
3.31494
4
4.30469
0.228516
0.312012
2.25269
4.052
0.510498
1.76636
4.82812
2.6936
4.02954
1.98438
3.36938
4.24756
4.98657
0.646484
3.19116
3.47998
3.73657
4.00513
4.98193
4.4314
2.78882
2.56567
2.33032
3.02954
1.60474
2.19824
4.26855
0.262939
0.388672
0.421875
4.37109
3.8335
0.637939
0.576172
2.12524
1.91162
5.01245
3.91016
3.51929
1.59033
2.91187
1.31152
1.71899
0.12207
3.69751
4.00122
4.55737
2.42139
4.33228
0.52417
3.36401
1.55981
3.32983
0.0273438
4.23193
3.17847
1.28809
2.1084
0.174316
1.23267
4.84741
3.55347
2.28223
0.953857
0.775391
3.78076
5.05981
1.05469
2.83936
2.61035
2.78882
4.11987
1.94995
4.07788
0.152344
0.815674
3.60815
0.8125
0.109375
3.90723
1.3916
5.05566
3.34399
0.89502
1.09912
0.77124
1.08081
0.875977
1.6521
2.02222
3.1604
3.44092
2.9397
4.17065
2.11621
3.02612
3.65527
4.14404
0.104492
2.03833
4.31738
4.11499
0.536377
2.91772
0.810547
5.01099
0.768066
0.142334
0.121826
2.28711
2.37891
3.58887
0.115967
1.85889
0.80542
1.80908
0.251221
2.69922
2.53564
3.979
3.99438
0.229492
1.78149
1.99414
0.766846
3.37671
1.5332
3.21191
4.80664
1.22681
3.02856
0.524902
0.527344
4.5249
4.10254
2.06128
3.31128
1.10889
2.63208
4.62183
4.03906
3.00024
2.30884
2.21533
2.30298
3.89307
5.04395
1.75464
0.737793
1.04907
2.43091
3.16162
1.07935
4.26978
2.34595
3.33179
2.42139
3.39722
4.84839
0.585449
4.56543
0.684082
0.45459
3.7085
4.63452
0.834229
1.20142
3.15625
3.42529
2.43042
0.11084
3.25903
2.85254
0.759521
1.76343
1.70435
1.10181
4.70776
1.7981
1.11938
4.03833
2.90894
2.21411
4.01953
3.76196
1.80737
1.33423
0.509521
0.494385
1.74146
0.133545
0.187012
2.34961
3.58618
2.17017
3.36548
0.793457
4.78662
4.61182
0.213379
3.52124
1.72949
3.3374
0.0913086
3.82251
5.04761
3.1189
4.5874
0.863525
4.95752
0.856689
0.422607
0.941895
0.427979
1.1687
1.49194
3.78027
4.86328
3.09082
0.0944824
0.336426
1.79443
3.66479
3.12573
0.770996
3.24854
3.34424
1.13745
2.03906
5.0498
4.61523
2.48438
3.65771
1.06641
4.16357
1.79688
2.42017
2.2356
2.09253
1.35742
2.30664
1.83301
0.481201
3.17944
3.59961
3.77075
2.62671
1.2937
2.05103
0.874023
1.05176
2.28149
1.01611
1.13745
2.37451
1.0249
0.282227
0.45752
0.290283
0.947754
1.59009
0.577148
1.15186
2.31665
2.83008
2.49194
3.15991
2.40649
3.1167
3.01587
1.54272
1.03516
1.53271
2.5896
1.66968
2.78735
2.49219
0.969482
0.991699
0.276611
1.73511
2.41992
2.9248
2.32129
2.54102
1.97583
0.676025
3.07153
0.561035
1.30933
2.15063
0.376221
1.95142
0.383057
1.33618
0.728516
0.973877
1.27222
3.21484
2.73926
3.15576
2.56177
2.29077
1.55054
1.21509
2.33301
0.783203
2.34497
2.2251
2.76587
0.871338
1.43677
1.16357
0.458252
0.25708
2.19873
2.99756
2.01343
1.90894
1.10278
2.60962
2.21313
3.21826
1.23853
3.01001
1.91748
1.11694
0.833496
1.03735
2.08545
2.89355
2.23584
0.85498
3.61719
0.488525
2.83398
2.11475
2.01587
2.90625
2.91187
2.72583
2.25098
3.0127
1.17261
1.72754
0.776611
2.20679
0.387207
0.496338
0.803223
2.32007
2.48901
0.700684
2.82202
1.93286
0.174805
0.734131
2.27734
0.671631
1.89624
1.448
0.686279
0.298096
3.21948
0.459473
2.42432
1.2749
2.88721
2.16064
0.343018
1.47632
1.79468
2.60522
1.94727
0.850586
2.41968
0.856201
0.55835
0.841797
2.15747
2.81299
0.386475
1.33398
2.6106
1.23145
1.97632
1.50928
2.08789
0.825928
3.26465
2.72949
2.13574
1.86694
1.63745
0.343018
1.86328
0.731445
0.250488
2.26489
2.26196
0.684326
2.09961
1.84058
2.25977
2.02368
2.29443
1.39331
2.54639
2.0896
1.75464
2.33545
0.162109
0.160645
0.23877
0.648438
1.79639
1.01147
2.01392
1.28638
1.1189
0.276367
3.47681
3.23462
2.23755
0.401123
2.34692
1.69678
1.82446
3.20923
2.2583
0.560791
0.772705
1.44873
3.01562
0.77002
0.0834961
0.236328
2.31665
0.558105
1.58496
0.29126
1.18164
2.72607
0.361084
2.69946
2.53687
0.493408
2.28589
2.00244
0.187012
2.60376
3.04297
1.76636
2.18188
0.216553
2.04199
0.151855
2.5376
2.42163
2.0144
2.35449
0.273193
2.00854
1.89771
0.784424
1.9751
1.97241
0.580811
3.07324
3.50513
2.22437
0.829102
2.59668
0.120605
3.3562
0.519287
2.06812
0.375488
2.61133
1.76562
0.549561
2.35059
1.15942
0.517578
3.29761
2.94312
2.47876
2.45508
2.75757
3.02124
1.60254
0.440674
0.381348
1.90991
0.839111
1.04297
0.585693
0.662109
2.79224
0.301514
0.655273
0.854004
2.85864
2.79126
3.06104
2.28613
1.66943
1.90234
3.08667
1.30688
0.45874
0.555664
0.946045
1.56934
1.29272
0.348877
1.26489
2.77783
2.55005
2.39355
1.16699
3.16895
2.05029
2.3479
0.610107
0.94751
0.365479
0.81543
2.24438
0.657471
0.406982
0.305664
2.15479
0.546631
0.246826
2.25903
0.728516
0.624512
2.14209
2.32153
0.231201
0.306152
0.23877
1.07983
1.60425
2.79248
1.4082
2.8064
0.202637
1.36426
2.30566
1.65869
0.723633
0.525391
1.6001
0.715576
1.38794
1.21704
0.301758
1.50391
1.73413
1.17529
3.89771
2.74194
3.81616
3.07812
2.45947
2.64917
3.27271
1.23853
0.89209
2.28833
0.317871
1.19678
0.535889
2.56982
0.279541
3.01367
0.767578
0.144287
0.697266
0.527588
2.55811
0.131592
2.55054
0.617676
3.39282
2.23682
2.50732
1.30737
2.7854
0.362305
2.65991
1.1499
1.04492
0.163574
2.47705
1.01636
2.12183
0.781738
0.771973
0.729248
1.16919
2.05615
1.80933
1.99976
2.0481
0.906738
0.650146
0.89624
0.180908
1.12109
2.95874
1.74072
1.61768
0.425537
1.50854
0.820557
0.696289
1.57593
0.144287
1.45581
3.45337
4.39014
2.86475
3.15625
2.58154
3.94141
3.67993
3.42188
3.37964
3.56982
1.46802
4.82422
4.13184
3.40967
3.20288
0.868164
2.96265
3.11597
3.70996
2.20239
4.14722
3.99731
3.61719
2.86426
3.51636
3.75684
3.44775
3.60986
3.573
2.77002
3.8042
2.31445
2.76123
4.23901
3.55737
3.58984
4.83423
2.18677
4.53467
4.17236
3.84106
3.48804
3.9436
4.08838
4.24634
2.50293
2.06567
0.996094
4.04395
3.63354
3.40894
3.42749
3.69531
4.55029
4.23804
3.35181
3.08032
3.56616
4.55933
2.81372
3.73706
3.31787
4.09448
4.03003
3.31006
3.41797
2.65405
3.47412
3.77808
4.31421
3.16943
2.65747
3.75269
3.8418
3.604
3.39453
3.28418
3.78149
3.8501
2.08594
3.78882
2.91797
3.63599
3.49121
3.78979
3.94238
1.09766
2.36597
3.57056
2.28467
2.5481
4.20972
4.26831
3.34058
3.0188
3.65698
2.51587
0.96875
4.97363
2.98828
3.88696
4.13574
3.63379
2.87402
3.53687
3.47046
4.65503
4.77954
3.47705
3.82275
3.49976
2.19409
2.42725
4.40967
3.05737
3.64502
3.89526
3.03613
3.35742
3.36938
3.98145
1.44482
4.31323
3.54956
2.62402
1.02075
3.39526
3.41382
2.23291
3.88379
3.4502
4.19629
3.71851
3.6272
3.37817
3.75146
3.96313
3.21436
3.57251
3.04614
4.17139
2.97168
2.81274
3.14819
4.21899
2.98022
1.95728
3.71777
4.76855
3.02515
4.32715
4.39062
2.60913
3.48047
3.58569
4.24438
2.60889
1.99731
3.69946
4.40479
3.71948
3.69507
4.35718
3.44409
4.20117
2.1499
2.23608
5.01685
3.7334
2.89087
4.4458
3.65625
3.83984
3.43066
3.46777
2.2832
3.47803
2.65771
3.55322
3.04126
4.73853
3.54346
3.35791
3.23901
2.7417
3.73828
3.26221
3.50366
2.573
4.02905
3.73145
3.42212
3.61182
3.92896
3.85254
3.40161
2.62988
3.91675
3.33911
3.93555
2.49634
3.54614
3.84521
4.16138
3.78516
4.37671
3.28271
4.66528
3.42505
4.0166
1.89722
3.69531
2.42944
3.31299
4.33667
3.22949
2.35571
3.89844
3.03638
4.45166
4.05542
3.7019
2.92334
4.54272
3.17944
3.4353
3.62329
2.11816
3.68286
2.95947
4.60059
3.50073
2.64502
3.42847
3.83911
4.0459
0.962891
3.86523
4.2627
2.0813
2.91211
3.6167
3.88477
2.69312
4.3335
4.5542
5.04224
2.91919
3.60083
4.15332
1.8667
4.61377
1.59595
0.937256
4.49976
3.24341
1.82764
4.29102
2.48706
3.59375
2.96045
0.660645
4.32495
3.98755
2.2666
1.80298
4.18213
0.526855
2.33447
2.13184
3.29224
0.291504
3.33862
1.13159
2.22046
0.480225
2.75195
2.70117
2.77466
2.9231
3.41406
4.66455
3.46606
4.27563
3.13306
1.52148
1.58228
1.6604
1.5415
3.08569
1.25073
2.66895
3.49072
1.41431
1.35059
0.672607
4.30566
3.72607
4.0835
2.82129
2.99951
3.94092
2.85889
3.19458
3.177
3.46606
3.29126
2.27734
2.40479
2.59497
3.29126
4.4751
3.76416
1.15332
0.907227
2.18823
2.8606
3.29419
4.01367
2.97583
3.0271
3.78687
3.56592
3.60718
0.10791
2.82837
0.497559
2.91357
2.54297
3.52441
1.78931
3.69385
2.68481
2.46118
4.11792
2.60205
4.90771
1.5271
3.14258
3.5498
3.15161
0.174561
2.00024
1.41626
1.90942
4.17749
2.14673
0.718506
3.5874
2.78809
0.612305
4.23096
0.806396
2.27295
0.544922
3.76392
0.374023
4.76367
0.640625
4.06812
2.99268
4.13696
4.27759
1.24219
3.50073
2.1709
4.33813
3.23804
2.26147
3.37476
1.44873
2.81665
1.07324
3.51733
3.54932
1.26733
3.3772
4.0293
2.84717
1.59888
2.14136
2.97754
1.1062
4.27979
3.91821
2.28149
4.69385
0.275391
3.8938
4.41211
1.51489
3.96802
2.15601
2.60498
3.75391
2.71777
2.68262
1.82251
3.18042
2.77417
3.75269
1.68286
0.412842
0.304932
2.76978
4.8645
1.21436
4.31567
3.67285
0.332031
4.29663
3.74121
1.72217
1.96509
0.185303
2.33569
3.42725
0.763428
1.44556
2.17529
4.61865
3.31055
1.90356
3.4978
1.86548
1.69189
4.44629
3.42993
2.34546
0.77124
0.121338
2.03125
2.32935
0.303223
2.13696
0.308838
1.18091
0.199707
1.13062
0.88623
3.20386
2.90649
5.03955
2.11182
2.37305
1.51416
3.76001
1.0813
0.374512
0.275146
0.0766602
0.203613
1.39673
0.165039
3.14111
0.0742188
0.431641
3.21509
3.42407
4.31104
1.17871
1.21069
1.65503
0.948486
2.84741
1.97852
1.0166
1.02466
5.07275
2.07129
1.01636
3.93726
4.60254
2.97583
0.178955
0.129883
4.01611
4.26514
3.52319
4.04077
4.3728
4.19336
3.43213
2.78809
2.91602
1.67773
4.36841
2.66626
3.05762
3.19873
3.39966
2.83838
3.82593
1.44458
2.55469
1.03979
2.26562
0.842285
1.1416
