4.97681
4.70093
4.87891
2.57617
3.21558
3.00513
5.02002
2.49634
4.12817
5.04492
3.42749
1.90332
4.97803
4.91528
5.04028
0.792725
3.15137
5.06055
3.61768
0.638916
3.26025
1.75537
3.27954
1.91162
1.13867
2.62012
3.69458
3.43188
0.624512
0.2146
2.87891
3.66748
4.08862
4.92456
4.03711
4.16284
5.03369
4.88257
3.88647
1.72314
3.26416
3.77344
1.83862
3.48193
1.68384
0.531494
0.124268
0.57373
2.87573
4.30249
1.1106
4.35669
4.12451
4.65527
0.900391
2.1123
0.52832
0.80835
2.3479
0.00463867
2.66016
3.77588
2.21265
4.50122
3.92944
0.190674
4.23389
4.26001
2.34351
3.11646
2.68677
2.41724
2.55908
0.392578
0.606445
4.05371
2.85864
2.88306
1.46826
3.41528
2.34692
0.0114746
-0.00878906
2.72461
4.75635
0.49707
2.02173
3.44971
3.42578
3.58008
3.23608
1.49878
1.78955
0.0227051
0.359619
3.53296
0.505371
1.00439
0.200684
2.40576
-0.00244141
0.668701
3.02393
2.2019
0.191406
3.47754
3.40649
2.61768
1.44019
1.11157
0.883789
0.0756836
0.0202637
0.535645
0.226318
0.330078
2.02637
2.43457
0.0632324
0.124512
2.27466
0.293213
2.2085
0.575684
1.67188
2.71411
-0.0319824
0.083252
1.92847
2.73535
0.119873
3.93262
4.68726
4.85107
4.41846
4.41724
4.1543
4.16455
2.12524
4.09448
1.35278
5.00903
4.98145
2.45679
4.40894
0.589111
1.07764
2.80884
1.86475
1.30322
3.60522
2.90503
4.9021
1.74463
0.700195
2.17505
0.640869
0.463867
2.95703
1.84619
1.7688
1.65088
4.60913
3.48267
0.959473
2.66895
3.07202
1.86011
0.935059
3.61426
3.71021
3.72876
4.56934
0.0705566
3.56152
4.57129
0.812988
3.87622
1.65527
1.85498
0.907715
1.09839
1.61011
1.19507
3.41162
4.24219
0.590332
3.86084
0.561035
2.99194
3.63867
1.71802
3.11743
3.04077
2.90747
0.456299
0.00585938
3.59082
4.11328
-0.00244141
0.0141602
0.153076
0.027832
1.50171
0.997314
0.990723
0.522461
2.60376
3.50269
0.955811
0.708984
0.894531
2.54932
0.634033
0.903809
0.502441
1.729
0.191162
2.4917
1.08716
4.34595
0.534912
2.57568
0.756836
3.63086
2.77295
0.00927734
3.12549
0.250244
-0.0234375
2.64551
0.618652
0.258545
2.12109
3.56006
2.92285
2.25806
4.06445
4.77588
0.313477
0.444824
1.99902
0.0998535
1.11963
0.0256348
0.0895996
0.0561523
2.9834
2.38574
0.138672
3.39429
0.234375
0.980469
2.22363
2.52563
3.10742
0.554199
3.573
3.36377
2.38452
0.610596
1.02148
4.04419
1.37646
3.91089
4.02319
2.19092
3.97827
2.90015
3.80835
3.47314
2.11792
3.92578
2.87573
2.07959
2.9563
0.0419922
3.99438
3.82324
1.30518
3.23364
4.15503
3.9353
4.43799
0.913086
2.5752
1.18164
0.414307
0.104492
3.47681
4.02026
0.20166
1.27173
1.46631
3.93774
3.35352
2.36499
4.44482
0.0822754
3.04541
3.65015
0.189209
4.08081
3.36841
3.97046
1.85083
4.21924
3.87524
0.0380859
2.89868
1.0127
3.00293
1.40698
2.3772
1.60376
0.13208
3.83105
3.52637
3.66406
0.16626
3.96216
2.98193
2.08423
1.09375
3.57935
1.72827
3.97559
3.9541
3.2373
2.5293
3.12549
2.6062
3.87891
0.930176
0.422363
3.57007
0.774414
2.48145
3.46289
3.21802
0.461914
4.20166
2.84473
3.61182
3.47949
2.49414
2.75293
2.9021
1.82031
2.95386
3.448
4.04077
3.49292
3.8147
3.46704
4.33936
3.09692
3.79688
4.28979
0.806641
0.0102539
4.84595
2.80884
0.50415
4.3335
4.41333
0.0812988
4.04565
4.52686
4.97412
0.393066
1.83545
2.81836
2.63989
4.99976
5.02954
3.54541
4.02246
4.77734
0.217041
0.323486
2.33838
4.00928
0.529053
2.19727
1.45557
2.52026
4.12769
1.90869
1.21069
4.39014
5.05835
0.755371
2.92334
3.63428
3.45459
4.06079
4.8855
4.46631
3.30859
2.62402
1.16406
3.08179
1.04224
1.97437
1.10181
1.33423
0.545654
0.489014
4.33374
3.71533
0.757568
0.515869
1.79541
1.7522
4.89014
4.10938
3.23706
1.396
2.96045
1.72803
1.71631
0.265381
4.10425
3.98389
4.46191
2.37085
4.19165
0.811768
3.68066
1.63135
3.604
0.0212402
4.2832
3.07324
1.14844
2.06177
0.179688
0.846436
1.26318
3.5708
2.60034
0.601807
0.773926
3.76807
5.03711
0.937988
2.19702
2.84985
2.86206
3.8833
2.01147
0.807373
0.205566
0.917969
3.30273
1.19702
0.204834
4.00098
1.66797
4.86572
3.29175
1.10107
1.3667
0.765381
0.75415
0.712402
2.29297
2.05103
3.02856
0.984863
1.21631
4.18384
1.84668
3.05933
3.59766
4.15796
1.14038
2.29395
4.08154
3.9563
0.6521
1.05518
0.734863
4.76099
1.22339
0.0637207
1.2085
2.09033
2.06885
3.61792
0.00585938
1.7998
1.02856
1.92188
0.279541
1.24097
2.62183
3.79248
4.01807
0.49707
1.27686
1.92358
0.676514
3.21191
1.04932
3.13159
4.79565
1.37329
3.33228
0.482422
0.417725
4.47559
3.37427
1.05493
3.08374
0.968018
2.6748
4.37329
3.8667
1.36157
1.91382
2.45776
2.08936
3.83594
5.0249
1.90161
0.928467
1.52271
2.46948
3.05542
1.33521
4.14941
2.00586
3.77124
2.81226
3.09253
4.80176
0.359619
4.52539
0.499512
0.302002
4.01587
4.52612
0.767578
1.34546
3.30933
3.21118
2.2207
0.453857
3.10767
2.67554
1.02197
1.96167
1.58081
0.851318
4.69873
1.75171
1.03101
4.05151
3.1792
2.15674
3.98022
3.86597
1.59351
1.2439
0.797363
0.808594
1.44409
0.145752
0.382324
2.3269
3.16748
1.6167
3.49536
0.841064
4.46484
4.53882
0.303223
2.87549
1.63672
3.22852
0.067627
4.03931
5.02026
2.71851
4.52246
0.982666
4.87793
0.713867
0.520996
0.925293
0.346924
1.1377
1.90918
3.6394
4.44507
2.79907
0.0800781
0.530762
1.15186
3.6958
2.56299
0.890381
3.6123
3.48438
1.26489
2.15112
4.79077
4.54321
2.03296
3.69653
1.34497
4.06665
1.58838
1.99121
2.10962
2.15454
2.21777
2.44019
2.09521
0.834717
3.03223
3.61865
3.58301
2.57373
1.36768
1.70972
1.05713
0.945312
2.39478
1.44141
1.44702
1.73804
1.67017
0.27002
0.408203
0.484131
0.734619
1.45923
0.343994
1.2959
2.40088
2.80811
2.78052
3.20386
2.52734
2.91016
2.64233
1.72046
0.929932
1.42065
2.71045
1.62207
2.97437
2.75244
0.877441
1.42407
0.436768
1.88965
2.54639
2.82446
2.21191
2.34058
1.99414
0.709473
2.6438
0.915039
1.31274
2.35474
0.28833
1.76514
0.674316
1.49097
0.358643
0.843262
1.22144
3.3186
2.41748
3.12354
2.50049
2.14673
1.80322
1.60425
2.28784
0.879395
2.28442
2.06958
2.35522
0.815674
1.52734
0.963623
0.367188
0.489258
1.99512
2.99072
2.2334
2.01001
1.08618
2.27954
2.11768
3.34009
1.28857
3.02051
1.86768
1.03857
0.871338
1.27222
1.82837
3.09229
1.95752
1.00024
3.36133
1.00098
2.77344
1.5874
2.15796
3.30298
2.84204
2.53979
2.01587
2.83838
1.22607
1.76147
1.04907
2.46387
0.434326
0.145264
0.82251
2.18115
2.26392
0.950684
2.91089
1.82422
0.110107
0.814209
2.13159
0.888672
2.00732
1.60791
0.562988
0.216553
3.18335
0.309814
2.35327
1.15601
2.79175
2.10034
0.196533
1.56787
1.94995
2.45605
2.23926
1.11572
2.60034
0.699707
0.427002
0.489258
2.58667
2.62866
0.337891
1.03857
2.70142
1.31323
1.61719
1.63477
2.08887
0.933105
3.03564
2.90088
1.9873
1.72534
1.49316
0.580566
1.77271
0.699707
0.599121
1.82007
2.08105
0.772217
2.02759
1.71143
2.31616
1.91382
2.61328
1.40063
2.49683
2.13354
2.09497
2.08569
0.0283203
0.144287
0.335449
0.971191
1.02173
0.953369
2.16602
1.35327
1.06299
0.275391
3.19263
3.20239
2.06372
0.401611
2.0332
1.50854
1.60278
3.17261
2.16699
0.559326
0.735107
1.54004
3.01709
0.516113
0.104736
0.20459
2.14868
0.76123
1.48071
0.270264
0.89502
2.72534
0.333008
2.6626
2.51392
0.692871
2.23145
2.04346
0.290771
2.50415
3.12817
1.84253
2.08252
0.186768
1.80078
0.26709
2.73804
2.3042
1.96606
1.50684
0.769531
1.81763
2.09546
0.765137
2.01245
1.94482
0.788574
3.0918
2.63843
2.14478
0.67627
2.78931
0.219727
3.29297
0.491211
1.71484
0.449951
2.1355
1.76855
0.406738
2.51929
1.15576
0.854492
3.58276
2.6875
2.46436
2.78369
2.87012
2.60083
1.58667
0.887207
0.305176
1.83472
0.856934
1.24756
0.708984
0.363037
2.29956
0.569824
0.715088
0.898438
2.63623
2.64209
2.99292
2.5166
1.1958
2.23462
2.73633
1.53271
0.675781
0.604736
1.02026
2.03247
1.05127
0.409424
1.18042
3.00171
2.27734
2.42603
1.0791
3.1709
2.0896
2.32886
0.447998
0.601562
0.190674
0.931396
2.03906
0.822754
0.411865
0.181396
2.09741
0.448975
0.317871
2.4397
0.841797
0.559082
2.2561
1.59521
0.468262
0.0895996
0.10498
1.02271
1.86719
2.64355
1.18994
3.00122
0.106689
0.629395
2.51709
1.9917
0.408691
0.607666
1.40332
0.323975
1.46826
1.13062
0.291992
1.15454
1.70117
1.16162
3.9668
2.79932
3.55786
2.94434
2.66724
2.58936
3.25903
0.899658
0.862305
2.04175
0.374512
1.33594
0.669189
2.66138
0.121582
2.95679
0.984131
0.197266
0.452393
0.213623
2.09741
0.233398
2.68384
0.29834
3.26904
2.28662
2.15015
1.55811
2.15796
0.292969
2.73657
1.20435
1.42114
0.115723
2.13062
0.932129
2.18921
0.697266
0.783936
0.806396
1.17114
2.15747
1.58228
2.05493
1.96851
0.770508
0.42041
0.956787
0.183838
1.0813
2.89404
1.45117
1.62988
0.198975
1.14551
0.918213
0.778809
1.39209
0.191406
1.25928
3.55737
3.96265
2.38623
3.11621
2.8125
3.698
3.52734
3.24805
3.33618
3.51025
1.39746
4.45532
4.00732
3.51294
3.29126
0.987793
3.01636
3.04517
3.73975
2.30444
4.03467
3.99976
3.62695
2.94092
3.59766
3.41455
3.125
3.57397
3.62598
3.14917
3.95312
2.38452
2.65332
4.4917
3.46216
3.61865
4.4646
2.33521
4.66357
4.56226
3.53784
3.72021
3.75244
4.39795
4.43262
2.58276
2.41943
0.862793
4.08984
3.67236
3.47607
3.16626
3.77637
4.22241
4.19556
3.45972
3.28735
3.72681
4.30664
2.83862
3.58301
3.68945
4.17529
4.03125
3.55322
3.40063
2.86182
3.40405
3.64404
3.99951
2.9187
2.72192
3.79346
3.9248
3.71313
3.24731
3.44849
4.00488
3.85669
1.97827
4.06934
3.23853
3.59839
3.53271
3.67871
3.76904
1.08594
2.65015
3.56372
2.45557
2.70947
4.66016
3.96118
3.52734
3.09546
3.6936
2.67456
0.894043
4.79028
2.83374
4.16309
4.2915
3.48682
2.76807
3.54272
3.56787
4.48193
4.27173
3.48242
3.96655
3.33765
2.34033
2.64038
4.38843
2.93896
4.06006
3.7749
3.14478
3.30884
3.46069
3.77905
1.03906
4.604
3.2168
2.58789
1.03003
3.30225
3.32373
2.31421
3.71777
3.4856
4.1145
3.6438
3.64819
3.29248
3.63745
4.25171
3.01611
3.48218
3.11011
3.98633
2.56372
2.87988
3.24805
4.0332
2.87695
2.0835
3.54712
4.59033
2.59277
4.52734
4.26904
2.54321
3.30151
3.646
4.28467
2.67358
1.80029
3.45142
4.62744
3.77539
3.65381
4.3396
3.39746
4.09448
2.12646
1.73096
4.9436
3.87891
2.52075
4.46167
3.37524
4.36768
3.31104
3.29663
2.33301
3.24487
2.70215
3.45898
2.95728
4.71167
3.31885
3.22827
3.26147
2.77734
3.83276
3.16626
3.25806
2.46924
4.01367
3.53076
3.4248
3.48657
3.92871
3.8103
3.23975
2.78125
3.76123
3.04565
3.92285
2.39111
3.40869
3.76172
4.20483
3.50732
4.1936
3.22314
4.6853
3.40845
4.14844
1.95386
3.71509
2.37451
3.17285
4.29468
3.14893
2.40625
3.91602
2.97461
4.38989
4.02954
3.57495
3.03931
4.53467
3.30249
3.51001
3.57129
2.00537
3.66089
3.12524
4.62378
3.7146
2.63843
3.37036
3.94678
3.88501
0.896729
3.93481
4.20581
2.28296
3.05615
3.68848
3.8147
2.68018
4.1814
4.65356
5.03931
2.79565
3.58643
4.37695
2.25586
4.43726
1.65796
0.974609
4.73584
3.46069
1.4314
4.41479
2.49023
3.59033
2.8186
0.878418
4.77808
4.0481
2.30127
2.13647
4.22778
0.980225
2.63574
1.95776
3.33032
0.394043
3.79712
1.03955
2.26514
0.875
2.6062
2.7959
3.18311
2.89038
3.07275
4.80396
4.24927
4.22021
3.07422
1.62671
1.5437
1.3877
1.45728
3.20117
1.23047
2.80713
2.91064
1.45923
1.35376
0.616943
3.86475
3.63379
4.22339
2.92505
3.02832
3.69702
3.03784
3.0542
3.00317
3.32373
3.21948
2.07202
2.48022
2.52954
3.33887
4.2793
3.82129
1.29199
0.961426
2.34033
3.12964
3.37402
4.01562
2.76099
3.13745
3.78589
3.6748
3.32544
-0.0114746
2.75415
0.276611
2.83667
2.38623
3.42188
1.72168
3.19556
2.46021
2.42725
4.36182
2.6145
4.51514
2.11719
3.27075
3.54053
3.00342
0.175049
2.06226
1.5437
2.0896
4.41919
2.21729
0.606445
3.75879
2.6626
0.54126
4.17261
0.817627
2.38354
0.545654
4.05762
0.681152
4.84082
0.611816
4.04956
2.92188
4.43359
3.95874
0.87915
3.3667
2.28809
4.29956
3.48755
2.33472
3.34253
1.32129
2.64038
0.845703
2.62769
3.79468
0.929932
3.39136
4.10498
2.729
1.8584
2.31934
2.95044
1.16528
4.33301
3.87158
2.11572
4.39746
0.118164
3.78174
3.92139
1.61621
4.00806
1.96973
2.50586
3.6543
2.23047
2.3877
1.41235
2.99194
2.65332
4.23145
1.53418
0.29126
0.186523
2.82837
4.99536
1.49512
4.30957
3.61572
0.449219
4.55542
3.24683
1.88257
1.98584
0.0871582
2.30518
3.63623
0.536621
1.59912
1.5752
4.63623
3.2002
2.05273
3.3396
1.62134
1.68164
4.34814
3.43262
2.39966
0.724365
0.0249023
2.19409
2.39575
0.167236
1.99878
0.486328
1.21362
0.281494
1.38794
0.860596
2.83569
2.78271
4.60693
2.5437
2.00195
1.67603
3.58813
1.35864
0.309814
0.153809
0.0708008
0.290771
1.36816
0.623535
3.04614
0.026123
0.60083
3.26782
3.43091
4.1355
0.944336
1.09131
1.61597
0.734131
2.2583
2.20093
0.97876
1.00488
5.04932
1.70361
1.03394
4.24902
4.52637
2.83105
0.192627
0.0805664
4.40283
4.01343
3.35303
3.98193
4.22412
4.3396
3.23877
2.30225
3.10229
1.74023
4.30615
2.81641
3.02734
3.39062
3.75171
2.84204
3.62256
1.59546
2.64185
1.04834
2.12061
0.728271
1.29883
